2000
924870
886304
445019
878830
801746
226825
421594
375082
381708
908718
264219
222584
671591
222726
769466
918989
629451
588441
957251
207167
204911
646600
435027
229686
781587
444518
330776
634680
195811
181582
382033
637032
584237
343403
32214
385982
570227
453807
277415
468287
878877
57985
690870
66819
797063
976687
985807
426513
81480
459410
150031
802742
622361
101409
548780
403948
545926
395907
554979
258089
93840
937011
895120
678076
280413
927333
580409
366992
897492
374175
351630
292720
948511
42499
359538
745573
535537
861697
688437
617016
321106
354820
419758
943466
456228
484889
863765
2154
880795
418744
260242
974634
355754
671713
169061
152519
115398
265821
35862
12889
639995
387491
305608
104857
946341
181497
850430
481877
43193
538866
615245
364298
410037
551354
824116
866265
36242
687880
868418
917036
106623
645011
891669
978729
316723
577081
647599
432120
842901
683460
961360
482895
587302
266967
587751
49994
448464
954532
48222
8008
9750
663466
372306
419786
214819
196421
286050
767412
400652
670819
200799
507275
315829
608819
2355
148904
185899
649953
581023
28799
849764
542383
28045
953417
325701
615796
3410
290516
86679
51631
298524
96428
231449
187181
32566
962619
899953
318615
730031
300604
989434
447181
324230
821614
56000
326584
970517
241898
492888
67892
270697
859003
126626
298741
328771
968678
430888
332180
775546
517567
900163
590421
130346
647963
777601
162911
610581
193905
997878
856963
494508
987311
304144
335090
325276
876495
178025
812145
118392
187265
880036
389088
46267
523013
204181
375038
491690
635068
223569
267235
668986
640083
857655
799332
288045
151607
478594
414978
345511
476471
788292
356371
980133
608787
207812
305409
485281
385836
117553
603673
573100
513940
509112
135719
36952
229644
27108
44993
864712
767028
828580
50049
407111
686234
849380
211507
354193
844326
142836
699703
320796
931128
572425
300929
56266
780236
122689
541547
166072
756593
661571
255523
270532
170682
907593
823835
400326
934700
385179
781389
701728
213758
831437
625190
416344
197169
353048
770536
41494
495884
986590
878641
943363
559015
179569
999628
855602
302257
57526
21673
575201
719096
793548
845732
406130
701140
185918
322807
152192
87449
620547
370271
301206
968335
511812
717549
681855
864859
4436
239700
877094
991026
118341
336808
66392
814261
852788
921993
632870
910313
460018
208070
145761
253565
570154
68242
471056
272423
907400
139599
359871
44298
509869
661077
12632
21680
894977
210839
402891
415765
450538
279984
406790
568878
133144
989533
899491
985931
427877
532360
412595
887894
740429
558355
657810
826934
142948
645218
99357
50347
784816
459227
94644
294685
636655
623628
832716
531632
834466
235606
947396
285003
31942
870537
370233
165085
376421
269723
667367
804297
318434
79961
692191
575214
638316
866352
402148
781263
511569
17856
347962
296385
477082
958957
107421
630089
582584
940136
161720
417049
692094
625467
218404
240387
12355
588636
405471
388775
374710
72837
709423
693143
669149
401613
268356
307464
784317
186855
605079
295885
204710
469392
592269
198144
428348
216041
828232
10932
156177
506303
944332
364622
131769
162735
605008
660475
267722
10478
565601
642431
599666
275023
851925
268814
192988
120281
92630
977304
823487
214060
789540
28197
683451
898161
226340
628150
114201
570923
155433
786729
77225
99765
151350
725345
778851
756357
385819
562925
283186
467771
205355
399203
742793
573632
184369
935780
693912
276998
429435
33750
7409
218975
61946
207211
117135
804637
835360
747687
375559
507145
534416
969135
606909
685765
694479
902111
442122
596649
465035
241659
64419
186742
640862
807212
760373
825230
259343
970636
102227
205130
4385
625987
940456
582683
833197
573942
903671
668556
321628
795582
175700
856043
764716
298960
58160
459195
717423
500281
572195
698809
258291
636614
401902
899152
960177
162274
724381
735871
649261
342959
941000
653646
968945
397807
752680
802141
971748
656350
987049
293376
968283
679100
665770
732999
494412
723929
708545
211834
740561
280739
426994
998852
433704
828896
414355
910232
991169
138736
646103
156782
481694
103454
326779
966991
501261
79458
285483
989360
252159
272531
799087
220442
467983
464857
469792
962394
705137
694688
690579
962050
491778
117572
477253
925482
946467
891607
835713
453988
30342
998167
610769
28388
617973
453899
995378
635585
533356
280860
624944
301866
69743
424031
38659
537725
405239
24802
500118
110375
719489
707048
72424
211267
824619
66028
653100
287438
957635
5164
257777
987976
519683
384897
532715
137655
838795
44444
773239
888502
841656
398182
190367
911398
338564
745378
965474
743802
770179
981943
854177
489668
688990
442952
217286
29960
508980
386737
317397
466614
391900
575173
970941
911582
476421
20008
49236
315215
64451
338826
203716
906106
737008
910435
333855
75571
655812
299328
819373
425990
281270
189901
432009
486611
149204
649294
516571
174535
36030
833967
157500
944282
925492
128441
855863
401912
664800
421451
233479
729250
760276
437194
151708
13635
347628
1914
605558
519791
817594
424930
945781
615215
131182
377789
101826
280385
543435
618396
454920
95816
968714
612419
40097
410557
257211
412312
328821
438362
350114
562299
683964
110389
515844
835671
640376
379824
353936
245933
899614
171529
187214
361746
786744
318395
255887
404921
115131
799321
539668
86402
895136
508381
215173
451585
435290
988735
863896
764110
427097
214009
842760
111060
840749
358603
463082
481124
254778
817017
243408
670744
504898
430621
32489
807993
265367
288375
212913
380498
87695
752580
983251
499183
777312
198423
467119
212601
187158
331014
976710
614254
61374
819469
241665
418474
694424
704746
415950
465553
38114
659357
136296
543011
89978
168785
351003
355344
457159
80267
252193
61206
832846
235444
76740
126510
433866
543858
339110
137375
874871
832172
267980
452596
167992
509644
871069
862415
214389
803370
327968
252503
462727
464263
311865
69056
149399
179220
940751
606558
259486
192944
184115
608684
944739
260854
251545
894956
804711
590654
32331
679581
422825
816662
648528
590817
326306
35948
969583
540694
839318
297550
309548
818396
278165
137765
887451
427563
316984
828201
550472
92821
537496
734586
217856
482234
995439
469400
893542
800149
576406
442224
996081
999230
258885
160960
106398
585190
196908
75981
642236
552577
889882
468135
370972
168046
605899
258422
111961
439234
602974
178784
48407
140470
429722
266262
139055
425160
252014
32596
741661
828419
474819
254093
827648
250056
415053
934046
835245
128312
526378
477480
680888
416259
945615
51859
100657
67865
826632
728969
507099
429605
907752
555505
570074
337473
338118
225481
278985
590131
774428
20645
418549
765599
791089
762549
15654
722493
212946
850898
850804
739323
844730
531691
155581
306696
99901
256237
890912
926532
985205
914362
872489
409309
469866
958914
746781
324336
184394
542117
914466
958822
79113
849367
240772
870202
611915
256425
592694
341212
623674
443498
80534
984755
491540
752466
807802
107793
8703
698714
34324
510259
613075
423164
435919
599293
382078
182700
923628
566471
241168
354445
41644
320281
203811
282415
190482
332077
55191
299527
673288
678865
259376
270173
179971
750916
22639
987773
375060
547693
202838
925735
574303
815912
348899
10222
931556
730976
709273
855183
813798
950440
209628
855442
270720
929790
654208
977553
261867
225751
277080
451506
420967
536455
721679
600937
803722
260669
105061
178781
324713
307898
104516
899015
640162
453414
425588
571717
184389
134860
943252
514538
601652
152879
369979
872371
599020
540539
849924
860886
282641
643355
828744
703607
179809
66774
304543
499883
327442
925956
678663
168506
233853
783178
583872
390366
752943
9460
478435
453683
660671
421686
968221
262322
90916
854551
651045
689935
395089
500968
67173
677729
660674
895916
897687
840482
962689
718582
856716
806482
644537
535379
974987
394741
834908
558858
785107
587851
84669
263541
41533
745340
201578
9753
524013
292493
380656
175057
498779
775744
192376
565951
969825
853049
461866
383863
209883
940906
102444
66598
747387
746980
601976
238725
658073
953236
797583
959531
541086
398603
739423
98970
143942
941000
625075
667955
749844
5730
359363
248622
297825
551739
814573
784001
404787
276438
167864
614669
733696
270307
197619
481082
533639
315946
719807
708063
269181
33741
667593
326618
432343
407015
941940
92637
864366
567014
276943
614209
89095
636305
862830
903271
188043
677402
687272
109182
470192
371487
240202
203887
641793
437820
201320
691783
753766
921126
399845
22946
471218
583789
865916
419913
990803
807855
28901
855168
891220
305843
469376
980314
458499
848558
399936
162894
525959
87207
788427
512502
458693
28628
716388
616838
466448
917708
824972
220213
355185
741169
759510
342755
324957
141777
279019
832112
949631
307919
687279
840850
130113
673007
337515
104963
521564
737451
267856
563874
341009
56282
76376
316054
84910
792763
932891
67709
226822
274214
804273
98359
15382
563782
957465
340339
705559
236483
172450
171541
544401
376080
528743
674513
49086
382609
779475
87001
636411
563683
650875
977420
136316
727250
293473
221225
36364
742715
805285
779538
16928
609557
877896
32310
689691
351712
889000
911601
588194
61449
83141
132594
437528
128235
323458
2966
510844
619284
89966
147254
182966
257192
641025
835634
984441
450849
573210
537157
709915
378495
316694
726843
988051
710941
275504
194093
62652
164503
105693
650845
742303
188834
299790
696182
833420
139599
215499
344263
758882
821817
7869
458200
79008
165245
293833
579801
616094
867042
116957
326008
761888
950002
569202
266291
660942
361057
460383
239945
41911
566076
407141
300565
271261
706930
996747
104680
846528
728597
448943
121761
550413
973163
96312
145773
138407
390144
725573
270852
773538
358881
596860
535425
308882
682413
801715
486175
559822
262098
726119
601732
344525
133259
902297
615785
356540
415395
720464
203067
143991
685758
841179
210756
658920
937491
356528
797327
843986
82100
68178
617523
440980
181389
669300
266213
380154
987366
752387
939975
765815
994857
58058
110339
128115
960354
726123
484654
892100
446587
204072
552443
132344
561602
763198
307616
499092
636077
104942
343078
234528
689471
476952
191859
870860
146251
458071
251013
649969
210457
707339
415783
721665
765396
526122
849779
242102
768596
850784
650553
731534
571207
202995
380230
132808
482544
687845
148252
118620
309138
491329
353147
998608
484632
545005
869467
147235
519427
636831
797203
246235
860521
212985
967899
142269
255458
817677
384370
24054
184812
34922
271939
756018
754269
652168
405178
753164
340012
553429
871784
649149
44757
741282
647757
529388
802639
33575
192974
838417
186758
990176
84652
563630
719513
52550
705898
974970
386579
90267
515375
87742
641541
787314
843760
395809
955833
248937
665324
295845
802365
537107
461345
363473
794741
109101
409212
113731
659028
602186
952147
362137
108713
36798
925766
828225
605700
631664
319547
508630
238282
351273
596371
879822
654938
440130
791982
610771
205418
457306
422967
524134
510764
884311
403958
821856
509764
813170
935586
168791
931707
404085
47279
40419
957234
973044
868644
562933
121059
704542
71562
359341
55814
184285
755514
227104
140766
63848
837874
346184
37505
260840
386669
64620
145150
790627
886476
654913
603796
338413
340055
51854
258849
903685
92272
216083
876729
477267
295367
514139
698160
883281
389831
753974
67565
661697
497429
208330
725544
335302
70865
279400
112493
457534
344019
773994
764512
746846
945259
884659
601611
801665
936512
860459
705350
28783
592893
98430
22402
888260
612568
720561
287892
518751
990886
355456
180447
488314
80137
422342
339967
667354
701741
452459
124887
562111
742805
405750
825309
688063
290408
426919
489727
226919
803729
195076
772053
912974
293505
794454
317585
422425
31367
605476
941175
22252
477283
121621
26918
557419
543962
366884
224772
762054
335695
866010
840516
594851
271759
665824
282913
562166
609094
772639
305436
929175
484067
77489
842148
293923
388294
676084
232699
419660
281559
173873
958264
758841
811845
985181
832611
872158
868416
573735
150563
720462
439744
991079
315312
227855
656902
114576
306372
782348
403567
611808
711522
887633
689296
70021
697907
77589
746104
930606
13601
544014
620830
971864
302854
432675
473396
651816
821184
341811
225550
971747
578625
181646
962825
410288
925852
136078
524864
232223
918425
928430
844030
146298
816062
49677
732670
30320
643618
478773
960925
657218
22786
98107
145433
841991
530781
618828
10159
868316
476990
235708
840062
55614
933705
319238
982254
859556
455316
507117
91779
890092
435546
452160
36390
767959
18189
769059
798278
661806
764184
275555
835375
303321
373661
497159
661664
420793
115986
671822
289108
592975
423881
129170
164941
357586
448407
147194
217141
420074
170662
825271
310166
606207
793783
862907
374165
811971
148317
172442
990128
428852
964348
341854
732173
338008
839012
393836
758800
954997
582009
47908
64323
5889
693429
745615
879826
141835
409160
96967
78261
579821
438589
388426
186027
232371
767684
76543
560693
916000
765337
550820
344852
729684
409025
593376
584044
248036
503563
342843
719384
85571
907102
783707
607811
600530
45673
487637
258717
454833
100955
336977
551005
539543
725402
253384
288266
9437
329926
848958
925436
95262
916130
786639
341298
325154
380014
925341
573190
883576
784535
292573
485498
691637
592631
93309
808518
638304
97297
67234
609488
198251
404210
676844
737793
645963
930227
26058
655399
260153
391368
97187
871766
307497
883825
213063
632650
780191
654755
722191
663766
439290
14764
665616
130926
607394
275276
939443
762049
372572
523029
887888
570822
443590
564732
824966
89553
494958
367376
261303
271462
758743
874841
143228
66239
758666
872642
215240
538856
527397
937431
718973
966686
468546
900940
613963
592291
176215
69757
354340
65138
592785
758579
635959
36375
323310
977277
642279
334620
344652
419933
606081
619746
294774
265660
202336
569791